%% auto generated matlab/octave script
%Camera Matrix: 
C = [563.2998913371738, 0, 316.6718983331501;
 0, 563.1506959293956, 197.4917892351887;
 0, 0, 1]% camera 0
% Calibration succesful
%Rot Mat: 
R0 = [-0.8745650546331252, -0.01460658074115659, 0.4846881605874139;
 0.1855908238348118, -0.9335221125161083, 0.3067450269389518;
 0.4479866195801774, 0.3582221562697016, 0.8191366646870419]
%T vec: 
T0 = [0.01998840599804279;
 0.1260940580204023;
 0.3262797195651834]
