%YAML:1.0
---
camera_matrix: !!opencv-matrix
   rows: 3
   cols: 3
   dt: d
   data: [ 5.6314702907565322e+02, 0., 3.0932610804465372e+02, 0.,
       5.6723036355275883e+02, 1.8124670495230373e+02, 0., 0., 1. ]
distortion_coefficients: !!opencv-matrix
   rows: 1
   cols: 5
   dt: d
   data: [ -9.1822657148822984e-02, 4.3700118992654136e-01,
       -2.8266059975352944e-02, -1.3440549256625942e-03,
       -5.7005157065542489e-01 ]
camera_position: !!opencv-matrix
   rows: 3
   cols: 1
   dt: d
   data: [ -2.4024470096495696e-03, 2.0193382694071424e-01,
       9.8342290274985655e-01 ]
camera_rotation: !!opencv-matrix
   rows: 3
   cols: 3
   dt: d
   data: [ -8.8643541609070597e-01, -5.0987789554897640e-02,
       -4.6003532300944305e-01, -1.5704848524641095e-02,
       -9.9002825707023778e-01, 1.3999074231993092e-01,
       -4.6258578753882529e-01, 1.3131753698106241e-01,
       8.7679535448604706e-01 ]
Hue: [ 87, 1, 0 ]
Saturation: [ 195, 176, 0 ]
Value: [ 157, 135, 0 ]
Threshold: [ 10, 30, 0 ]
Exposure: 51
Gain: 14
Size: [ 640, 480 ]
FPS: 60
