%YAML:1.0
---
camera_matrix: !!opencv-matrix
   rows: 3
   cols: 3
   dt: d
   data: [ 5.6314702907565322e+02, 0., 3.0932610804465372e+02, 0.,
       5.6723036355275883e+02, 1.8124670495230373e+02, 0., 0., 1. ]
distortion_coefficients: !!opencv-matrix
   rows: 1
   cols: 5
   dt: d
   data: [ -9.1822657148822984e-02, 4.3700118992654136e-01,
       -2.8266059975352944e-02, -1.3440549256625942e-03,
       -5.7005157065542489e-01 ]
camera_position: !!opencv-matrix
   rows: 3
   cols: 1
   dt: d
   data: [ 1.6137250672342338e-01, 1.2254118573260386e-01,
       8.4262572954878745e-01 ]
camera_rotation: !!opencv-matrix
   rows: 3
   cols: 3
   dt: d
   data: [ -8.2716478681364924e-01, 9.9027363579736738e-03,
       -5.6187218410253648e-01, -1.9747936500240554e-01,
       -9.4119772538863034e-01, 2.7413270895957520e-01,
       -5.2611815769252535e-01, 3.3771108589427878e-01,
       7.8048120195833670e-01 ]
Hue: [ 2, 84, 0 ]
Saturation: [ 98, 131, 0 ]
Value: [ 255, 189, 0 ]
Threshold: [ 20, 21, 0 ]
Exposure: 168
Gain: 14
Size: [ 640, 480 ]
FPS: 60
