%YAML:1.0
Exp: 56
Gain: 13
camera_matrix: !!opencv-matrix
   rows: 3
   cols: 3
   dt: d
   data: [ 9.0848722515254190e+02, 0., 3.1059386113251236e+02, 0.,
       9.2361546489487012e+02, 3.2237704819365251e+02, 0., 0., 1. ]
distortion_coefficients: !!opencv-matrix
   rows: 5
   cols: 1
   dt: d
   data: [ 3.6305776497731035e-02, -3.9710220819343134e-01,
       3.9772346667242463e-02, -4.8683384627059159e-03,
       2.1657229195924312e+00 ]
camera_position: !!opencv-matrix
   rows: 3
   cols: 1
   dt: d
   data: [ -2.5641295603180055e+01, -2.5867850613955952e+01,
       -9.3952693372016427e+01 ]
camera_rotation: !!opencv-matrix
   rows: 3
   cols: 3
   dt: d
   data: [ -9.5283918516764976e-01, 1.4338303368504179e-01,
       2.6746736784199215e-01, -5.4590667326447254e-02,
       -9.4795205768835933e-01, 3.1369851030130641e-01,
       2.9852528577978538e-01, 2.8430301084525972e-01,
       9.1107324171793025e-01 ]
Hue: [ 6, 115, 0 ]
Saturation: [ 194, 201, 0 ]
Value: [ 180, 61, 0 ]
Threshold: 30
