%YAML:1.0
---
camera_matrix: !!opencv-matrix
   rows: 3
   cols: 3
   dt: d
   data: [ 5.6329989133717379e+02, 0., 3.1667189833315007e+02, 0.,
       5.6315069592939562e+02, 1.9749178923518866e+02, 0., 0., 1. ]
distortion_coefficients: !!opencv-matrix
   rows: 1
   cols: 5
   dt: d
   data: [ -1.3009797961409075e-01, 4.2380320753126999e-01,
       -6.8526279850953491e-03, -2.7004789174530281e-03,
       -5.6180406945280459e-01 ]
camera_position: !!opencv-matrix
   rows: 3
   cols: 1
   dt: d
   data: [ 2.5545991938354523e-01, 1.4647164964469644e-01,
       8.4742501904859258e-01 ]
camera_rotation: !!opencv-matrix
   rows: 3
   cols: 3
   dt: d
   data: [ -7.8079050027274388e-01, 2.3794971203157322e-02,
       6.2433964636989003e-01, 3.0567790839631259e-01,
       -8.5696440758632741e-01, 4.1493736930851438e-01,
       5.4491027793783986e-01, 5.1482599339549262e-01,
       6.6183607148753265e-01 ]
Hue: [ 86, 173, 93 ]
Saturation: [ 139, 112, 86 ]
Value: [ 255, 224, 167 ]
Threshold: [ 15, 39, 19 ]
Exposure: 235
Gain: 13
Size: [ 640, 480 ]
FPS: 60
