%YAML:1.0
Exp: 42
Gain: 23
camera_matrix: !!opencv-matrix
   rows: 3
   cols: 3
   dt: d
   data: [ 9.0848722515254190e+02, 0., 3.1059386113251236e+02, 0.,
       9.2361546489487012e+02, 3.2237704819365251e+02, 0., 0., 1. ]
distortion_coefficients: !!opencv-matrix
   rows: 5
   cols: 1
   dt: d
   data: [ 3.6305776497731035e-02, -3.9710220819343134e-01,
       3.9772346667242463e-02, -4.8683384627059159e-03,
       2.1657229195924312e+00 ]
camera_position: !!opencv-matrix
   rows: 3
   cols: 1
   dt: d
   data: [ 5.7241262909098658e+01, -2.0827752697560737e+01,
       -9.4429471542529100e+01 ]
camera_rotation: !!opencv-matrix
   rows: 3
   cols: 3
   dt: d
   data: [ -9.0519564636119443e-01, -7.4411362626905148e-02,
       -4.1843015058758237e-01, -5.2714982499465206e-02,
       -9.5729139679165165e-01, 2.8427858211404106e-01,
       -4.2171313997647819e-01, 2.7938527294883625e-01,
       8.6261341099619138e-01 ]
color_params: !!opencv-matrix
   rows: 0
   cols: 0
   dt: u
   data: []
