%YAML:1.0
Exp: 74
Gain: 8
camera_matrix: !!opencv-matrix
   rows: 3
   cols: 3
   dt: d
   data: [ 9.0848722515254190e+02, 0., 3.1059386113251236e+02, 0.,
       9.2361546489487012e+02, 3.2237704819365251e+02, 0., 0., 1. ]
distortion_coefficients: !!opencv-matrix
   rows: 5
   cols: 1
   dt: d
   data: [ 3.6305776497731035e-02, -3.9710220819343134e-01,
       3.9772346667242463e-02, -4.8683384627059159e-03,
       2.1657229195924312e+00 ]
camera_position: !!opencv-matrix
   rows: 3
   cols: 1
   dt: d
   data: [ 7.5923481933385318e+01, -1.3923861312754781e+01,
       -7.9783641657445244e+01 ]
camera_rotation: !!opencv-matrix
   rows: 3
   cols: 3
   dt: d
   data: [ -8.4766589192031316e-01, -9.1828369480621050e-02,
       -5.2252280929493455e-01, 2.8782007391502440e-02,
       -9.9141572623580454e-01, 1.2754000871431584e-01,
       -5.2974912149569020e-01, 9.3072059882989638e-02,
       8.4303230065263934e-01 ]
color_params: !!opencv-matrix
   rows: 0
   cols: 0
   dt: u
   data: []
