%YAML:1.0
---
camera_matrix: !!opencv-matrix
   rows: 3
   cols: 3
   dt: d
   data: [ 5.6314702907565322e+02, 0., 3.0932610804465372e+02, 0.,
       5.6723036355275883e+02, 1.8124670495230373e+02, 0., 0., 1. ]
distortion_coefficients: !!opencv-matrix
   rows: 1
   cols: 5
   dt: d
   data: [ -9.1822657148822984e-02, 4.3700118992654136e-01,
       -2.8266059975352944e-02, -1.3440549256625942e-03,
       -5.7005157065542489e-01 ]
camera_position: !!opencv-matrix
   rows: 3
   cols: 1
   dt: d
   data: [ 1.2853015004764068e-01, -2.7238361121151300e-02,
       1.6045193537746989e+00 ]
camera_rotation: !!opencv-matrix
   rows: 3
   cols: 3
   dt: d
   data: [ -9.9907134130647934e-01, 3.0060245226131696e-02,
       3.0868052044420426e-02, -2.9170609905986147e-02,
       -9.9915722876744351e-01, 2.8877460405571355e-02,
       3.1710100879451718e-02, 2.7950203196173459e-02,
       9.9910622840792396e-01 ]
Hue: [ 87, 2, 0 ]
Saturation: [ 167, 176, 0 ]
Value: [ 182, 145, 0 ]
Threshold: [ 10, 21, 0 ]
Exposure: 51
Gain: 14
Size: [ 640, 480 ]
FPS: 60
