%YAML:1.0
---
camera_matrix: !!opencv-matrix
   rows: 3
   cols: 3
   dt: d
   data: [ 5.6329989133717379e+02, 0., 3.1667189833315007e+02, 0.,
       5.6315069592939562e+02, 1.9749178923518866e+02, 0., 0., 1. ]
distortion_coefficients: !!opencv-matrix
   rows: 1
   cols: 5
   dt: d
   data: [ -1.3009797961409075e-01, 4.2380320753126999e-01,
       -6.8526279850953491e-03, -2.7004789174530281e-03,
       -5.6180406945280459e-01 ]
camera_position: !!opencv-matrix
   rows: 3
   cols: 1
   dt: d
   data: [ -6.7436917174299740e-02, 1.7029091014572181e-01,
       4.7692258910555113e-01 ]
camera_rotation: !!opencv-matrix
   rows: 3
   cols: 3
   dt: d
   data: [ -8.2711683870756758e-01, 2.5551827115953690e-02,
       5.6144887501662699e-01, 1.7541239801936331e-01,
       -9.3732898493907169e-01, 3.0107285599034994e-01,
       5.3395526568009044e-01, 3.4750752239933735e-01,
       7.7079847958359271e-01 ]
Hue: [ 1, 0, 0 ]
Saturation: [ 46, 0, 0 ]
Value: [ 255, 0, 0 ]
Threshold: 30
Exposure: 70
Gain: 20
Size: [ 640, 480 ]
FPS: 60
