%YAML:1.0
Exp: 42
Gain: 23
camera_matrix: !!opencv-matrix
   rows: 3
   cols: 3
   dt: d
   data: [ 9.0848722515254190e+02, 0., 3.1059386113251236e+02, 0.,
       9.2361546489487012e+02, 3.2237704819365251e+02, 0., 0., 1. ]
distortion_coefficients: !!opencv-matrix
   rows: 5
   cols: 1
   dt: d
   data: [ 3.6305776497731035e-02, -3.9710220819343134e-01,
       3.9772346667242463e-02, -4.8683384627059159e-03,
       2.1657229195924312e+00 ]
camera_position: !!opencv-matrix
   rows: 3
   cols: 1
   dt: d
   data: [ -6.9985420101452888e+01, -1.4659483311689232e+01,
       -7.4532974092640757e+01 ]
camera_rotation: !!opencv-matrix
   rows: 3
   cols: 3
   dt: d
   data: [ -6.6637319306829346e-01, 1.8965697624172154e-01,
       7.2109430653889794e-01, -9.3379212896736924e-02,
       -9.8072257705595556e-01, 1.7164949592559561e-01,
       7.3974799097986943e-01, 4.7047403919581565e-02,
       6.7123725434876991e-01 ]
color_params: !!opencv-matrix
   rows: 0
   cols: 0
   dt: u
   data: []
