%YAML:1.0
---
camera_matrix: !!opencv-matrix
   rows: 3
   cols: 3
   dt: d
   data: [ 5.6329989133717379e+02, 0., 3.1667189833315007e+02, 0.,
       5.6315069592939562e+02, 1.9749178923518866e+02, 0., 0., 1. ]
distortion_coefficients: !!opencv-matrix
   rows: 1
   cols: 5
   dt: d
   data: [ -1.3009797961409075e-01, 4.2380320753126999e-01,
       -6.8526279850953491e-03, -2.7004789174530281e-03,
       -5.6180406945280459e-01 ]
camera_position: !!opencv-matrix
   rows: 3
   cols: 1
   dt: d
   data: [ -1.2581466581960218e-01, 1.5744303333598469e-01,
       8.7680838179146869e-01 ]
camera_rotation: !!opencv-matrix
   rows: 3
   cols: 3
   dt: d
   data: [ -7.8822212722700424e-01, -1.7391453170043158e-02,
       6.1514503615519067e-01, 7.6302310308675042e-02,
       -9.9464911004640111e-01, 6.9649876708153619e-02,
       6.1064215019215240e-01, 1.0183656141355391e-01,
       7.8533144542172029e-01 ]
Hue: [ 90, 2, 0 ]
Saturation: [ 112, 126, 0 ]
Value: [ 255, 234, 0 ]
Threshold: [ 15, 39, 0 ]
Exposure: 235
Gain: 13
Size: [ 640, 480 ]
FPS: 60
