%YAML:1.0
---
camera_matrix: !!opencv-matrix
   rows: 3
   cols: 3
   dt: d
   data: [ 5.6329989133717379e+02, 0., 3.1667189833315007e+02, 0.,
       5.6315069592939562e+02, 1.9749178923518866e+02, 0., 0., 1. ]
distortion_coefficients: !!opencv-matrix
   rows: 1
   cols: 5
   dt: d
   data: [ -1.3009797961409075e-01, 4.2380320753126999e-01,
       -6.8526279850953491e-03, -2.7004789174530281e-03,
       -5.6180406945280459e-01 ]
camera_position: !!opencv-matrix
   rows: 3
   cols: 1
   dt: d
   data: [ 4.1009803893069852e-02, 2.9816190173951329e-01,
       9.8880305119759537e-01 ]
camera_rotation: !!opencv-matrix
   rows: 3
   cols: 3
   dt: d
   data: [ -9.7016184806292760e-01, -5.0661226406410576e-02,
       -2.3710636579839744e-01, 1.0919028998946548e-01,
       -9.6443691641320695e-01, -2.4070503698801413e-01,
       -2.1647971991653508e-01, -2.5941255636222244e-01,
       9.4119161517008620e-01 ]
Hue: [ 90, 3, 0 ]
Saturation: [ 94, 106, 0 ]
Value: [ 255, 255, 0 ]
Threshold: [ 15, 14, 0 ]
Exposure: 235
Gain: 13
Size: [ 640, 480 ]
FPS: 60
