%YAML:1.0
---
camera_matrix: !!opencv-matrix
   rows: 3
   cols: 3
   dt: d
   data: [ 5.6329989133717379e+02, 0., 3.1667189833315007e+02, 0.,
       5.6315069592939562e+02, 1.9749178923518866e+02, 0., 0., 1. ]
distortion_coefficients: !!opencv-matrix
   rows: 1
   cols: 5
   dt: d
   data: [ -1.3009797961409075e-01, 4.2380320753126999e-01,
       -6.8526279850953491e-03, -2.7004789174530281e-03,
       -5.6180406945280459e-01 ]
camera_position: !!opencv-matrix
   rows: 3
   cols: 1
   dt: d
   data: [ -8.4642650233225925e-02, 9.6466184448995934e-02,
       7.3511290682517716e-01 ]
camera_rotation: !!opencv-matrix
   rows: 3
   cols: 3
   dt: d
   data: [ -9.2301730394046022e-01, -1.3666190926387385e-02,
       3.8451565878654087e-01, 1.3441377289543982e-01,
       -9.4785575021764357e-01, 2.8896784325485297e-01,
       3.6051628851204093e-01, 3.1840652004145847e-01,
       8.7672418337387659e-01 ]
Hue: [ 2, 83, 0 ]
Saturation: [ 49, 92, 0 ]
Value: [ 255, 166, 0 ]
Threshold: [ 15, 14, 0 ]
Exposure: 235
Gain: 13
Size: [ 640, 480 ]
FPS: 60
