%YAML:1.0
---
camera_matrix: !!opencv-matrix
   rows: 3
   cols: 3
   dt: d
   data: [ 5.6314702907565322e+02, 0., 3.0932610804465372e+02, 0.,
       5.6723036355275883e+02, 1.8124670495230373e+02, 0., 0., 1. ]
distortion_coefficients: !!opencv-matrix
   rows: 1
   cols: 5
   dt: d
   data: [ -9.1822657148822984e-02, 4.3700118992654136e-01,
       -2.8266059975352944e-02, -1.3440549256625942e-03,
       -5.7005157065542489e-01 ]
camera_position: !!opencv-matrix
   rows: 3
   cols: 1
   dt: d
   data: [ 2.6077803059364479e-01, 2.6230601678886262e-01,
       9.7953718123211786e-01 ]
camera_rotation: !!opencv-matrix
   rows: 3
   cols: 3
   dt: d
   data: [ -9.9379029925679130e-01, 4.6514821928333817e-02,
       1.0108022776029195e-01, 1.5614394225038750e-02,
       -8.4114122599442132e-01, 5.4059007447934793e-01,
       1.1016819775271890e-01, 5.3881147841668819e-01,
       8.3519168993132364e-01 ]
Hue: [ 90, 171, 89 ]
Saturation: [ 102, 91, 72 ]
Value: [ 255, 255, 180 ]
Threshold: [ 10, 30, 28 ]
Exposure: 51
Gain: 40
Size: [ 640, 480 ]
FPS: 60
