%YAML:1.0
---
camera_matrix: !!opencv-matrix
   rows: 3
   cols: 3
   dt: d
   data: [ 5.6314702907565322e+02, 0., 3.0932610804465372e+02, 0.,
       5.6723036355275883e+02, 1.8124670495230373e+02, 0., 0., 1. ]
distortion_coefficients: !!opencv-matrix
   rows: 1
   cols: 5
   dt: d
   data: [ -9.1822657148822984e-02, 4.3700118992654136e-01,
       -2.8266059975352944e-02, -1.3440549256625942e-03,
       -5.7005157065542489e-01 ]
camera_position: !!opencv-matrix
   rows: 3
   cols: 1
   dt: d
   data: [ 2.5637947810756423e-01, 2.0436348489812356e-01,
       5.5672343966302873e-01 ]
camera_rotation: !!opencv-matrix
   rows: 3
   cols: 3
   dt: d
   data: [ -7.9635710821467587e-01, 2.8950588210281791e-02,
       -6.0413344522401469e-01, -2.3538564408923640e-01,
       -9.3494128854778003e-01, 2.6547765541625540e-01,
       -5.5714356745156290e-01, 3.5361935808280548e-01,
       7.5136169375105200e-01 ]
Hue: [ 179, 0, 0 ]
Saturation: [ 112, 0, 0 ]
Value: [ 234, 0, 0 ]
Threshold: 30
Exposure: 53
Gain: 18
Size: [ 640, 480 ]
FPS: 60
